here comes fourier on selfmade array 
11.473525448530058
4446.688119107204
16512.42494173267
178.91272429044182
5787.980730569868
8746.202798669092
2362.8117395612853
189.21185259606412
2123.0962991730757
945.80111814624
114.61074153700089
1553.3461862697477
1114.1913918322202
14.002757954544961
416.89612329509725
434.66868079179295
12.785733967298622
149.47706391376505
195.21696695988012
18.1902940281354
33.43341416680759
66.85621913070096
12.18956948433181
5.188783960007
17.3452932753141
3.3537522376008377
2.5732711636705963
9.564010141439354
4.178124745429377
0.0032517792461224885
0.998229990046487
0.3026373758374749
0.3622187991490599
1.7331649009071914
1.271943728027916
0.18545557788424183
0.005849191520382091
0.0015556540683341563
0.12851009972037383
0.4757054525431592
0.48129960336670075
0.1970245923943715
0.04040853118614594
0.024378926902312352
0.08768574969728644
0.21671684584897924
0.27220367136399337
0.19133060501147522
0.08316739698323804
0.02927083778928916
0.017614068355831142
0.02541838499982577
0.04373487437562438
0.0617443392552293
0.07150556548233991
0.07393386801507205
0.0734798264077138
0.0728617495382573
0.07262320424816363
0.07252636829481679
0.072414593049683
0.07230449093445773
